  -56.760140 
  -56.760889 
  -56.762208 
  -56.763966 
  -56.765957 
  -56.767883 
  -56.769474 
  -56.770406 
  -56.770294 
  -56.768849 
  -56.765878 
  -56.761313 
  -56.755194 
  -56.747741 
  -56.739580 
  -56.731552 
  -56.724759 
  -56.721123 
  -56.722949 
  -56.732889 
  -56.754097 
  -56.790851 
  -56.847846 
  -56.929497 
  -57.042677 
  -57.191028 
  -57.379267 
  -57.612760 
  -57.913341 
  -58.309652 
  -58.177740 
  -58.937452 
  -58.417907 
  -59.143458 
  -59.143198 
  -59.275932 
  -59.116620 
  -59.078547 
  -58.876840 
  -58.761828 
  -58.696633 
  -58.581012 
  -58.485632 
  -58.404980 
  -58.331231 
  -58.288276 
  -58.276019 
  -58.250532 
  -58.221236 
  -58.238495 
  -58.237202 
  -58.232614 
  -58.238931 
  -58.250827 
  -58.259469 
  -58.262441 
  -58.266714 
  -58.275595 
  -58.283090 
  -58.288294 
  -58.289815 
  -58.288350 
  -58.289641 
  -58.291828 
  -58.289694 
  -58.284289 
  -58.282324 
  -58.285331 
  -58.284518 
  -58.283074 
  -58.286821 
  -58.285756 
  -58.281624 
  -58.291541 
  -58.297915 
  -58.292429 
  -58.281192 
  -58.290496 
  -58.291992 
  -58.282643 
  -58.280663 
  -58.260062 
  -58.246862 
  -58.272898 
  -58.255600 
  -58.235281 
  -58.209996 
  -58.188902 
  -58.183496 
  -58.185859 
  -58.141689 
  -58.213306 
  -58.223848 
  -57.951038 
  -58.213572 
  -58.189723 
  -58.047635 
  -58.105406 
  -58.031842 
  -58.128659 
  -58.136477 
  -58.100896 
  -58.082198 
  -58.058434 
  -58.066859 
  -58.115635 
  -58.185984 
  -58.128947 
  -58.173374 
  -58.342092 
  -58.068313 
  -58.383117 
  -58.283867 
  -58.281391 
  -58.306687 
  -58.293300 
  -58.293734 
  -58.312040 
  -58.336604 
  -58.326102 
  -58.331555 
  -58.347680 
  -58.337524 
  -58.337043 
  -58.337389 
  -58.322618 
  -58.345244 
  -58.353841 
  -58.296829 
  -58.373540 
  -58.329855 
  -58.296465 
  -58.350521 
  -58.331276 
  -58.297911 
  -58.289267 
  -58.287526 
  -58.324510 
  -58.310271 
  -58.277657 
  -58.380561 
  -58.044568 
  -58.330208 
  -58.217180 
  -58.167791 
  -58.135755 
  -58.101917 
  -58.126879 
  -58.145458 
  -58.147516 
  -58.115668 
  -58.174885 
  -58.149028 
  -58.000569 
  -58.181084 
  -58.361052 
  -58.098950 
  -58.170525 
  -58.378526 
  -58.054734 
  -58.228318 
  -58.233137 
  -58.159859 
  -58.303209 
  -58.227937 
  -58.272795 
  -58.244814 
  -58.318489 
  -58.243044 
  -58.255686 
  -58.227733 
  -58.226245 
  -58.248099 
  -58.279843 
  -58.304212 
  -58.378366 
  -58.186486 
  -58.280746 
  -58.354642 
  -58.297636 
  -58.280416 
  -58.289119 
  -58.288443 
  -58.292802 
  -58.263115 
  -58.239703 
  -58.368079 
  -58.341200 
  -58.199747 
  -58.276682 
  -58.351298 
  -58.214309 
  -58.232582 
  -58.314768 
  -58.245247 
  -58.239959 
  -58.328543 
  -58.277398 
  -58.334237 
  -58.289696 
  -58.377700 
  -58.232075 
  -58.321537 
  -58.319382 
  -58.290482 
  -58.232542 
  -58.202987 
  -58.337828 
  -58.368286 
  -58.281994 
  -58.241203 
  -58.416811 
  -58.248141 
  -58.307876 
  -58.352738 
  -58.309944 
  -58.311641 
  -58.276728 
  -58.269377 
  -58.335141 
  -58.359202 
  -58.305998 
  -58.324212 
  -58.329567 
  -58.346097 
  -58.339201 
  -58.284788 
  -58.352449 
  -58.368769 
  -58.380330 
  -58.326601 
  -58.363622 
  -58.347402 
  -58.345209 
  -58.336488 
  -58.338651 
  -58.319942 
  -58.343257 
  -58.389024 
  -58.378356 
  -58.299167 
  -58.311649 
  -58.399542 
  -58.379873 
  -58.316564 
  -58.300902 
  -58.311280 
  -58.337058 
  -58.347460 
  -58.291337 
  -58.331452 
  -58.366942 
  -58.295282 
  -58.290918 
  -58.286954 
  -58.275405 
  -58.304281 
  -58.315815 
  -58.315960 
  -58.255187 
  -58.281211 
  -58.375972 
  -58.271010 
  -58.197791 
  -58.250329 
  -58.280584 
  -58.425542 
  -58.318601 
  -58.427991 
  -58.486746 
  -58.285330 
  -58.403197 
  -58.368626 
  -58.308979 
  -58.317438 
  -58.366856 
  -58.316690 
  -58.371233 
  -58.329264 
  -58.416486 
  -58.387083 
  -58.275762 
  -58.429191 
  -58.480919 
  -58.289063 
  -58.371243 
  -58.450381 
  -58.382111 
  -58.340338 
  -58.353189 
  -58.401332 
  -58.422626 
  -58.380893 
  -58.420387 
  -58.522764 
  -58.228628 
  -58.496531 
  -58.374550 
  -58.263356 
  -58.334700 
  -58.392909 
  -58.263538 
  -58.281904 
  -58.415564 
  -58.383685 
  -58.327782 
  -58.404758 
  -58.347243 
  -58.211628 
  -58.364779 
  -58.354554 
  -58.342566 
  -58.225441 
  -58.458758 
  -58.302360 
  -58.342778 
  -58.394070 
  -58.247404 
  -58.302048 
  -58.327003 
  -58.329383 
  -58.318688 
  -58.282504 
  -58.343713 
  -58.441286 
  -58.337770 
  -58.327519 
  -58.583297 
  -58.210827 
  -58.502102 
  -58.388647 
  -58.386021 
  -58.367491 
  -58.386493 
