  -56.769653 
  -56.769738 
  -56.769790 
  -56.769833 
  -56.769880 
  -56.769898 
  -56.769926 
  -56.769975 
  -56.769981 
  -56.769949 
  -56.769901 
  -56.769880 
  -56.769882 
  -56.769867 
  -56.769915 
  -56.769965 
  -56.769819 
  -56.769621 
  -56.769349 
  -56.768768 
  -56.767563 
  -56.765815 
  -56.763167 
  -56.758104 
  -56.751593 
  -56.742581 
  -56.730798 
  -56.708550 
  -56.593964 
  -55.750470 
  -53.939381 
  -54.117393 
  -50.746720 
  -50.599236 
  -48.504019 
  -46.718962 
  -45.107139 
  -44.974816 
  -44.861089 
  -45.051844 
  -45.923698 
  -46.443361 
  -46.837737 
  -47.255204 
  -47.738088 
  -48.265097 
  -48.633098 
  -48.697488 
  -48.782806 
  -49.076012 
  -49.249033 
  -49.331006 
  -49.469510 
  -49.651614 
  -49.800602 
  -49.911039 
  -50.048188 
  -50.226271 
  -50.385590 
  -50.485646 
  -50.525958 
  -50.544843 
  -50.582827 
  -50.623644 
  -50.634207 
  -50.633553 
  -50.674583 
  -50.757164 
  -50.828050 
  -50.885507 
  -50.942503 
  -50.962941 
  -50.978320 
  -51.046839 
  -51.054209 
  -50.918647 
  -50.753882 
  -50.701599 
  -50.625353 
  -50.436355 
  -50.207396 
  -49.965826 
  -50.003809 
  -50.423419 
  -50.686595 
  -50.640391 
  -50.325687 
  -49.921998 
  -49.600295 
  -49.250065 
  -48.722270 
  -48.319841 
  -47.199629 
  -45.588839 
  -46.116738 
  -45.998480 
  -44.767215 
  -44.136447 
  -43.905914 
  -44.347043 
  -44.510526 
  -44.163592 
  -43.849828 
  -43.893596 
  -44.580172 
  -45.743716 
  -46.725027 
  -46.975359 
  -47.526629 
  -47.871087 
  -47.008750 
  -48.104564 
  -48.333729 
  -48.330974 
  -48.527022 
  -48.611295 
  -48.787450 
  -49.097122 
  -49.336321 
  -49.320312 
  -49.335772 
  -49.441578 
  -49.446197 
  -49.460812 
  -49.484724 
  -49.507350 
  -49.646202 
  -49.573190 
  -49.349284 
  -49.566383 
  -49.407413 
  -49.297717 
  -49.625147 
  -49.639037 
  -49.357079 
  -49.162577 
  -49.174686 
  -49.313257 
  -49.040602 
  -48.790580 
  -48.532165 
  -47.422819 
  -48.430710 
  -48.446711 
  -47.762131 
  -46.888222 
  -46.149118 
  -45.899029 
  -45.928354 
  -45.906727 
  -46.044942 
  -46.436479 
  -46.068680 
  -45.487709 
  -46.361213 
  -46.954867 
  -45.126671 
  -45.097279 
  -46.050333 
  -44.906217 
  -45.173386 
  -45.322941 
  -45.256076 
  -45.766124 
  -45.595779 
  -45.570927 
  -45.822895 
  -46.140272 
  -45.820061 
  -45.691960 
  -45.629879 
  -45.931135 
  -46.574823 
  -47.240865 
  -47.569427 
  -47.279791 
  -45.969608 
  -46.283506 
  -47.340733 
  -47.509004 
  -47.378173 
  -47.173739 
  -46.844254 
  -46.562242 
  -46.367124 
  -46.782535 
  -47.927854 
  -48.028373 
  -47.390389 
  -47.577259 
  -47.740692 
  -46.966890 
  -46.894852 
  -47.370200 
  -47.258086 
  -47.314692 
  -47.583179 
  -47.094642 
  -46.965428 
  -46.715682 
  -46.600700 
  -46.300934 
  -46.771543 
  -47.008932 
  -46.602876 
  -45.930423 
  -46.205407 
  -47.622576 
  -48.237351 
  -47.779452 
  -47.732251 
  -48.487089 
  -48.034486 
  -48.310933 
  -48.943936 
  -48.833881 
  -48.418589 
  -47.854084 
  -47.737627 
  -48.267600 
  -48.662980 
  -48.663308 
  -48.811550 
  -48.978584 
  -49.066897 
  -48.908296 
  -48.796572 
  -49.284876 
  -49.630953 
  -49.548862 
  -49.266168 
  -49.278655 
  -49.165053 
  -49.044747 
  -48.947790 
  -48.925293 
  -48.974063 
  -49.297910 
  -49.593689 
  -49.305594 
  -48.681181 
  -48.806788 
  -49.488896 
  -49.493516 
  -48.901458 
  -48.448456 
  -48.337215 
  -48.381204 
  -48.220069 
  -47.878049 
  -47.983127 
  -48.014786 
  -47.445098 
  -47.007494 
  -46.795465 
  -46.757543 
  -46.943316 
  -46.993456 
  -46.742313 
  -46.338218 
  -46.633548 
  -47.192552 
  -46.687545 
  -46.163809 
  -46.583911 
  -47.286242 
  -47.623583 
  -45.999891 
  -46.039169 
  -46.809891 
  -46.268442 
  -46.758584 
  -46.618668 
  -46.110701 
  -45.997971 
  -46.141455 
  -46.072502 
  -46.250173 
  -46.361886 
  -46.677801 
  -46.352885 
  -45.993948 
  -46.849862 
  -47.080176 
  -46.067793 
  -46.294599 
  -47.015601 
  -46.830112 
  -46.518713 
  -46.743130 
  -47.308498 
  -47.554686 
  -47.398968 
  -47.578476 
  -47.480423 
  -46.905844 
  -48.001296 
  -47.488965 
  -46.402935 
  -46.228739 
  -46.121452 
  -45.375312 
  -45.773058 
  -47.130510 
  -47.595613 
  -47.399731 
  -47.163285 
  -46.185766 
  -45.355020 
  -46.071247 
  -46.568515 
  -46.461317 
  -46.371665 
  -47.324699 
  -46.985018 
  -47.028326 
  -47.127050 
  -46.428548 
  -46.587593 
  -47.041607 
  -47.291422 
  -47.326273 
  -47.429541 
  -48.034651 
  -48.344853 
  -47.707597 
  -47.684153 
  -48.441058 
  -47.744112 
  -48.621642 
  -48.584466 
  -48.475058 
  -48.479171 
  -48.850315 
  -49.376858 
  -49.440291 
  -48.973623 
  -48.739504 
