0	0.000000	0.000000	-0.000099
0.05	0.04934395	0.000334806935317625	-0.0132045185247204
0.1	0.0986879	0.001276794768261	-0.0247091456257859
0.15	0.14803185	0.00274696919246587	-0.0346128813031967
0.2	0.1973758	0.004666335901568	-0.0429157255569528
0.25	0.24671975	0.00695590058920312	-0.049617678387054
0.3	0.2960637	0.009536668949007	-0.0547187397935005
0.35	0.34540765	0.0123296466746154	-0.0582189097762922
0.4	0.3947516	0.015255839459664	-0.0601181883354292
0.45	0.44409555	0.0182362529977886	-0.0604165754709113
0.5	0.4934395	0.021191892982625	-0.0591140711827387
0.55	0.54278345	0.0240437651078089	-0.0562106754709113
0.6	0.5921274	0.026712875066976	-0.0517063883354292
0.65	0.64147135	0.0291202285537621	-0.0456012097762922
0.7	0.6908153	0.031186831261803	-0.0378951397935005
0.75	0.74015925	0.0328336888847344	-0.028588178387054
0.8	0.7895032	0.033981807116192	-0.0176803255569527
0.85	0.83884715	0.0345521916498116	-0.00517158130319674
0.9	0.8881911	0.034465848179229	0.0089380543742141
0.95	0.93753505	0.0336437823980799	0.0246485814752797
1	0.986879	0.032007	0.041960
1.05	1.0360202	0.029918487749875	0.0428816611819614
1.1	1.0851614	0.0278080943426	0.0428505422395058
1.15	1.1343026	0.025722640536825	0.0418666431726331
1.2	1.1834438	0.0237089470912	0.0399299639813436
1.25	1.232585	0.021813834764375	0.037040504665637
1.3	1.2817262	0.020084124315	0.0331982652255134
1.35	1.3308674	0.018566636501725	0.0284032456609729
1.4	1.3800086	0.0173081920832	0.0226554459720153
1.45	1.4291498	0.016355611818075	0.0159548661586408
1.5	1.478291	0.015755716465	0.00830150622084931
1.55	1.5274322	0.015555326782625	-0.000304633841359189
1.6	1.5765734	0.0158012635296	-0.00986355402798467
1.65	1.6257146	0.016540347464575	-0.0203752543390271
1.7	1.6748558	0.0178193993462	-0.0318397347744866
1.75	1.723997	0.019685239933125	-0.044256995334363
1.8	1.7731382	0.022184689984	-0.0576270360186565
1.85	1.8222794	0.025364570257475	-0.0719498568273668
1.9	1.8714206	0.0292717015122	-0.0872254577604943
1.95	1.9205618	0.033952904506825	-0.103453838818039
2	1.969703	0.039455	-0.120635
2.05	2.01862065	0.0455519015595485	-0.128582144985562
2.1	2.0675383	0.052029500635918	-0.136199832604224
2.15	2.11645595	0.0588716809489445	-0.143488062855983
2.2	2.1653736	0.066062326218464	-0.150446835740842
2.25	2.21429125	0.0735853201643125	-0.157076151258799
2.3	2.2632089	0.081424546506326	-0.163376009409855
2.35	2.31212655	0.0895638889643405	-0.16934641019401
2.4	2.3610442	0.097987231258192	-0.174987353611263
2.45	2.40996185	0.106678457107716	-0.180298839661615
2.5	2.4588795	0.11562145023275	-0.185280868345066
2.55	2.50779715	0.124800094353128	-0.189933439661615
2.6	2.5567148	0.134198273188688	-0.194256553611263
2.65	2.60563245	0.143799870459264	-0.19825021019401
2.7	2.6545501	0.153588769884694	-0.201914409409855
2.75	2.70346775	0.163548855184812	-0.205249151258799
2.8	2.7523854	0.173664010079456	-0.208254435740842
2.85	2.80130305	0.18391811828846	-0.210930262855983
2.9	2.8502207	0.194295063531662	-0.213276632604224
2.95	2.89913835	0.204778729528896	-0.215293544985562
3	2.948056	0.215353	-0.216981
3.05	2.99679495	0.225987051736332	-0.219292638001652
3.1	3.0455339	0.236720016950295	-0.221039908845236
3.15	3.09427285	0.247524388979191	-0.222222812530751
3.2	3.1430118	0.25837266116032	-0.222841349058197
3.25	3.19175075	0.269237326830984	-0.222895518427574
3.3	3.2404897	0.280090879328485	-0.222385320638883
3.35	3.28922865	0.290905811990123	-0.221310755692124
3.4	3.3379676	0.3016546181532	-0.219671823587295
3.45	3.38670655	0.312309791155017	-0.217468524324398
3.5	3.4354455	0.322843824332875	-0.214700857903433
3.55	3.48418445	0.333229211024076	-0.211368824324398
3.6	3.5329234	0.34343844456592	-0.207472423587295
3.65	3.58166235	0.353444018295709	-0.203011655692124
3.7	3.6304013	0.363218425550745	-0.197986520638883
3.75	3.67914025	0.372734159668328	-0.192397018427574
3.8	3.7278792	0.38196371398576	-0.186243149058197
3.85	3.77661815	0.390879581840342	-0.179524912530751
3.9	3.8253571	0.399454256569375	-0.172242308845236
3.95	3.87409605	0.407660231510161	-0.164395338001652
4	3.922835	0.415470	-0.155984
4.05	3.97163295	0.422994729027659	-0.152344915439798
4.1	4.0204309	0.430330961020508	-0.148258387149091
4.15	4.06922885	0.43745686164176	-0.143724415127879
4.2	4.1180268	0.444350596554624	-0.138742999376162
4.25	4.16682475	0.450990331422312	-0.13331413989394
4.3	4.2156227	0.457354231908036	-0.127437836681213
4.35	4.26442065	0.463420463675006	-0.121114089737981
4.4	4.3132186	0.469167192386432	-0.114342899064244
4.45	4.36201655	0.474572583705527	-0.107124264660001
4.5	4.4108145	0.4796148032955	-0.0994581865252537
4.55	4.45961245	0.484272016819563	-0.0913446646600011
4.6	4.5084104	0.488522389940928	-0.0827836990642435
4.65	4.55720835	0.492344088322805	-0.0737752897379809
4.7	4.6060063	0.495715277628404	-0.0643194366812131
4.75	4.65480425	0.498614123520937	-0.0544161398939403
4.8	4.7036022	0.501018791663616	-0.0440653993761623
4.85	4.75240015	0.50290744771965	-0.0332672151278794
4.9	4.8011981	0.504258257352252	-0.0220215871490913
4.95	4.84999605	0.505049386224631	-0.0103285154397982
5	4.898794	0.505259	0.001812
5.05	4.9389473	0.50501158470123	0.0104801973183835
5.1	4.9791006	0.504419887607942	0.018960368603253
5.15	5.0192539	0.503491458585867	0.0272525138546084
5.2	5.0594072	0.502233847500736	0.0353566330724498
5.25	5.0995605	0.500654604218281	0.0432727262567771
5.3	5.1397138	0.498761278604234	0.0510007934075904
5.35	5.1798671	0.496561420524326	0.0585408345248896
5.4	5.2200204	0.494062579844288	0.0658928496086747
5.45	5.2601737	0.491272306429852	0.0730568386589458
5.5	5.300327	0.48819815014675	0.0800328016757029
5.55	5.3404803	0.484847660860713	0.0868207386589458
5.6	5.3806336	0.481228388437472	0.0934206496086747
5.65	5.4207869	0.477347882742759	0.0998325345248896
5.7	5.4609402	0.473213693642306	0.10605639340759
5.75	5.5010935	0.468833371001844	0.112092226256777
5.8	5.5412468	0.464214464687104	0.11794003307245
5.85	5.5814001	0.459364524563818	0.123599813854608
5.9	5.6215534	0.454291100497718	0.129071568603253
5.95	5.6617067	0.449001742354535	0.134355297318384
6	5.701860	0.443504	0.139451
6.05	5.7475538	0.436969688159224	0.146501274081779
6.1	5.7932476	0.430120355484952	0.153239340365476
6.15	5.8389414	0.422970267937868	0.159665198851091
6.2	5.8846352	0.415533691478656	0.165778849538625
6.25	5.930329	0.407824892068	0.171580292428076
6.3	5.9760228	0.399858135666584	0.177069527519445
6.35	6.0217166	0.391647688235092	0.182246554812732
6.4	6.0674104	0.383207815734208	0.187111374307937
6.45	6.1131042	0.374552784124616	0.19166398600506
6.5	6.158798	0.365696859367	0.195904389904101
6.55	6.2044918	0.356654307422044	0.19983258600506
6.6	6.2501856	0.347439394250432	0.203448574307937
6.65	6.2958794	0.338066385812848	0.206752354812732
6.7	6.3415732	0.328549548069976	0.209743927519445
6.75	6.387267	0.3189031469825	0.212423292428076
6.8	6.4329608	0.309141448511104	0.214790449538625
6.85	6.4786546	0.299278718616472	0.216845398851091
6.9	6.5243484	0.289329223259288	0.218588140365476
6.95	6.5700422	0.279307228400236	0.220018674081779
7	6.615736	0.269227	0.221137
7.05	6.66126475	0.259161952983388	0.220957302754304
7.1	6.7067935	0.24911136649785	0.220501773639733
7.15	6.75232225	0.239087798823587	0.219770412656289
7.2	6.797851	0.2291038082408	0.21876321980397
7.25	6.84337975	0.219171953029688	0.217480195082777
7.3	6.8889085	0.20930479147045	0.215921338492711
7.35	6.93443725	0.199514881843288	0.21408665003377
7.4	6.979966	0.1898147824284	0.211976129705955
7.45	7.02549475	0.180217051505987	0.209589777509266
7.5	7.0710235	0.17073424735625	0.206927593443703
7.55	7.11655225	0.161378928259387	0.203989577509266
7.6	7.162081	0.1521636524956	0.200775729705955
7.65	7.20760975	0.143100978345088	0.19728605003377
7.7	7.2531385	0.13420346408805	0.193520538492711
7.75	7.29866725	0.125483668004687	0.189479195082777
7.8	7.344196	0.1169541483752	0.18516201980397
7.85	7.38972475	0.108627463479787	0.180569012656289
7.9	7.4352535	0.10051617159865	0.175700173639733
7.95	7.48078225	0.0926328310119875	0.170555502754304
8	7.526311	0.084990	0.165135
8.05	7.57175545	0.0776351269310366	0.158521932387676
8.1	7.6171999	0.070584785653173	0.151732624524018
8.15	7.66264435	0.0638469853076989	0.144767076409025
8.2	7.7080888	0.057429735035904	0.137625288042698
8.25	7.75353325	0.0513410439790781	0.130307259425037
8.3	7.7989777	0.045588921278511	0.122812990556041
8.35	7.84442215	0.0401813760754924	0.115142481435712
8.4	7.8898666	0.035126417511312	0.107295732064047
8.45	7.93531105	0.0304320547272596	0.0992727424410488
8.5	7.9807555	0.026106296864625	0.091073512566716
8.55	8.02619995	0.0221571530646979	0.0826980424410488
8.6	8.0716444	0.018592632468768	0.0741463320640474
8.65	8.11708885	0.0154207442181251	0.0654183814357115
8.7	8.1625333	0.012649497454059	0.0565141905560414
8.75	8.20797775	0.0102869013178594	0.047433759425037
8.8	8.2534222	0.008340964950816	0.0381770880426982
8.85	8.29886665	0.00681969749421861	0.0287441764090252
8.9	8.3443111	0.00573110808935702	0.0191350245240177
8.95	8.38975555	0.0050832058775209	0.00934963238767601
9	8.435200	0.004884	-0.000612