a	c	Energy
2.70	1.60	  -11.226373 
2.75	1.60	  -11.649494 
2.80	1.60	  -11.868400 
2.85	1.60	  -11.923815 
2.90	1.60	  -11.850211 
2.95	1.60	  -11.676901 
3.00	1.60	  -11.424393 
3.05	1.60	  -11.113324 
3.10	1.60	  -10.758132 
3.15	1.60	  -10.370503 
3.20	1.60	  -10.083423 
2.70	1.633	  -11.441009 
2.75	1.633	  -11.780964 
2.80	1.633	  -11.930929 
2.85	1.633	  -11.929488 
2.90	1.633	  -11.810497 
2.95	1.633	  -11.598923 
3.00	1.633	  -11.316147 
3.05	1.633	  -10.981413 
3.10	1.633	  -10.606995 
3.15	1.633	  -10.245823 
3.20	1.633	   -9.979709 
2.70	1.66	  -11.582596 
2.75	1.66	  -11.860990 
2.80	1.66	  -11.959575 
2.85	1.66	  -11.917353 
2.90	1.66	  -11.764927 
2.95	1.66	  -11.526265 
3.00	1.66	  -11.221257 
3.05	1.66	  -10.870430 
3.10	1.66	  -10.484739 
3.15	1.66	  -10.154126 
3.20	1.66	   -9.906207 
2.70	1.70	  -11.741387 
2.75	1.70	  -11.939599 
2.80	1.70	  -11.972157 
2.85	1.70	  -11.877111 
2.90	1.70	  -11.680979 
2.95	1.70	  -11.407580 
3.00	1.70	  -11.076187 
3.05	1.70	  -10.703451 
3.10	1.70	  -10.311928 
3.15	1.70	  -10.043593 
3.20	1.70	   -9.815350 
2.70	1.74	  -11.844689 
2.75	1.74	  -11.974754 
2.80	1.74	  -11.951445 
2.85	1.74	  -11.810997 
2.90	1.74	  -11.577495 
2.95	1.74	  -11.276727 
3.00	1.74	  -10.923426 
3.05	1.74	  -10.530994 
3.10	1.74	  -10.195278 
3.15	1.74	   -9.954118 
3.20	1.74	   -9.739428 
2.70	1.76	  -11.877862 
2.75	1.76	  -11.976845 
2.80	1.76	  -11.930205 
2.85	1.76	  -11.769885 
2.90	1.76	  -11.521641 
2.95	1.76	  -11.207420 
3.00	1.76	  -10.845016 
2.70	1.76	  -11.877862 
2.75	1.76	  -11.976845 
2.80	1.76	  -11.930205 
2.85	1.76	  -11.769885 
2.90	1.76	  -11.521641 
2.95	1.76	  -11.207420 
3.00	1.76	  -10.845016 
3.05	1.76	  -10.454802 
3.10	1.76	  -10.149502 
3.15	1.76	   -9.915279 
3.20	1.76	   -9.705740 
2.70	1.78	  -11.899779 
2.75	1.78	  -11.971715 
2.80	1.78	  -11.902309 
2.85	1.78	  -11.723786 
2.90	1.78	  -11.461030 
2.95	1.78	  -11.135792 
3.00	1.78	  -10.765982 
3.05	1.78	  -10.386370 
3.10	1.78	  -10.107195 
3.15	1.78	   -9.879601 
3.20	1.78	   -9.674768 
